1.3612909317 1.79
1.45491194725 0.33
1.56858491898 1.1
1.64874601364 2.54
1.76434898376 0.42
1.9268989563 2.48
2.02078199387 0.31
2.1371049881 1.08
2.25576591492 2.4
2.33516192436 0.35
2.49097394943 0.04
2.58568286896 1.91
2.68295097351 0.79
2.77433681488 2.48
2.87029695511 2.07
3.08542990685 0.13
3.16764998436 2.07
3.27906298637 0.9
3.35901880264 2.49
3.47059893608 0.05
3.62349295616 0.09
3.71753382683 2.02
3.81912684441 0.8
3.90598297119 2.52
4.01067280769 1.63
4.22522187233 0.04
4.30784392357 1.0
4.42069101334 1.28
4.53717589378 0.09
4.65098285675 1.15
4.76041102409 0.27
4.87284588814 1.01
4.98662495613 2.51
5.10289597511 0.13
5.21661186218 1.18
5.32926702499 2.09
5.4110147953 0.92
5.52424502373 0.03
5.6052749157 1.67
5.69349193573 0.96
5.90302991867 1.48
5.98167395592 0.73
6.09811496735 0.05
6.21274781227 1.33
6.32585787773 0.9
6.44631385803 1.07
6.5468249321 1.71
6.63393783569 0.2
6.74080681801 1.03
6.85554885864 0.02
7.03613591194 1.02
7.11769199371 2.47
7.2304289341 0.44
7.34338283539 1.08
7.42159700394 0.0
7.57609581947 1.08
7.6704249382 0.11
7.76494884491 2.02
7.86279296875 0.95
7.95235681534 0.09
8.15841984749 0.74
8.24239897728 0.05
8.35488581657 1.16
8.46871399879 0.68
8.54872989655 2.54
8.7066488266 0.82
8.80037999153 0.04
8.90217590332 0.99
9.01649188995 1.46
9.09494996071 0.27
9.30884480476 2.34
9.38831090927 0.4
9.50125789642 1.06
9.60942101479 2.4
9.72238588333 0.35
9.83680391312 2.25
9.93117189407 0.26
10.0294559002 1.0
10.1195290089 0.05
10.2169849873 0.28
10.4024419785 2.55
10.496201992 2.53
10.5944068432 1.0
10.7061779499 0.08
10.7850959301 1.82
10.9974789619 0.0
11.0821928978 1.31
11.1976139545 0.8
11.3089640141 2.52
11.3891699314 1.14
11.5321760178 0.17
12.5362098217 2.39
12.6236169338 0.33
12.7388780117 1.1
12.8568558693 0.05
12.9686319828 2.41
13.0794529915 0.09
13.1984658241 2.05
13.3182480335 0.86
13.3990340233 0.05
13.5254318714 1.13
13.6294038296 0.17
13.7477929592 1.02
13.8598458767 1.32
13.9797289371 0.15
